316 262
316 254
320 244
324 237
329 229
336 223
342 220
353 213
362 210
373 208
387 207
392 207
400 208
408 212
411 215
417 220
420 223
424 229
427 233
429 237
430 242
431 245
432 250
433 254
434 258
435 264
436 269
436 274
436 279
436 283
436 288
436 291
435 297
434 302
432 305
431 309
428 312
426 315
423 319
421 321
418 325
413 330
408 335
401 341
395 346
390 349
385 351
382 352
379 352
376 354
372 356
366 359
360 362
357 364
350 368
343 371
338 374
331 379
326 382
321 387
317 391
314 395
311 400
309 403
307 406
306 406
306 408
306 409
306 410
305 412
304 416
303 419
301 422
300 425
300 426
300 427
300 426
300 425
301 424
301 422
302 420
302 418
302 416
302 414
302 413
301 412
300 412
298 412
286 410
280 408
273 405
268 403
262 398
259 396
255 393
253 390
250 385
247 381
244 377
242 375
240 371
238 368
236 362
234 357
232 352
230 347
228 341
227 336
226 331
226 327
225 321
225 316
225 314
225 310
225 307
225 300
226 292
227 284
228 277
230 270
231 265
233 258
235 254
237 245
240 238
242 233
244 227
247 224
248 221
250 219
251 219
252 219
254 219
257 218
260 217
262 217
265 216
267 216
269 216
271 216
273 216
276 216
279 216
280 216
282 217
283 218
284 219
285 220
286 220
287 221
289 222
291 223
293 225
294 227
296 230
298 232
298 233
300 236
301 237
302 240
303 242
304 244
306 246
306 248
307 249
308 251
308 252
308 253
308 254
308 255
308 256
308 257
308 258
308 259
308 260
309 260
309 261
309 262
310 262
310 263
311 262
